5	98557e-9	11744e-9	2309e-9	28011e-9	1	2.1058368662297857
9	6589e-8	6822e-9	9948e-9	37351e-9	1	2.734827126939093
17	128365e-9	14868e-9	1999e-9	111822e-9	1	2.9337731198995938
33	211539e-9	34287e-9	2701e-9	374647e-9	1	2.984143383449648
65	622323e-9	62605e-9	4014e-9	964876e-9	1	2.9961858712615
129	.001309319	20898e-8	6905e-9	.015001876	1	2.9990698157212408
257	.004684112	580824e-9	1261e-8	.01098522	1	2.9997706757322846
513	.01903136	.010831803	39905e-9	.055401547	1	2.999943090881024
1025	.269510527	.269193769	.058240633	.376751824	1	2.9999858266677917
2049	.310187264	.154802781	.001739485	2.594850641	1	2.9999964634856084
2897	.62840341	.358147549	.003368565	6.452809221	1	2.9999982323682497
3327	.906629754	.530820835	.004266243	9.42885385	1	2.999998660115571
