# Ashape, CPU time, rate, lmin, lmax
3.000000000000000000e+00 7.679462432861328125e-04 nan 1.000000000000000000e+00 1.200000000000000000e+01
5.000000000000000000e+00 2.961158752441406250e-04 -1.374843487162333400e+00 1.000000000000000000e+00 1.267562151376358770e+02
9.000000000000000000e+00 3.271102905273437500e-04 1.436153079523309339e-01 1.000000000000000000e+00 6.865121171873653338e+02
1.700000000000000000e+01 3.600120544433593750e-04 1.382680680396290163e-01 1.000000000000000000e+00 2.985127797117232149e+03
3.300000000000000000e+01 6.961822509765625000e-04 9.514198195549383730e-01 1.000000000000000000e+00 1.219967021408410255e+04
6.500000000000000000e+01 1.291036605834960938e-03 8.909929687283099087e-01 1.000000000000000000e+00 4.906329824024924892e+04
1.290000000000000000e+02 3.865957260131835938e-03 1.582295780847479350e+00 1.000000000000000000e+00 1.965192047628002765e+05
2.570000000000000000e+02 1.577591896057128906e-02 2.028826452739333597e+00 1.000000000000000000e+00 7.863431813630231190e+05
5.130000000000000000e+02 9.446287155151367188e-02 2.582023346397716246e+00 1.000000000000000000e+00 3.145639175511174835e+06
1.025000000000000000e+03 8.662409782409667969e-01 3.196949124526085928e+00 1.000000000000000000e+00 1.258282317404809408e+07
2.049000000000000000e+03 5.645934820175170898e+00 2.704372146600140248e+00 1.000000000000000000e+00 5.033155917368230969e+07
4.097000000000000000e+03 3.712287807464599609e+01 2.717024185815880344e+00 1.000000000000000000e+00 2.013265031735908985e+08
8.193000000000000000e+03 2.518371379375457764e+02 2.762110580556100370e+00 1.000000000000000000e+00 8.053062791735678911e+08
1.638500000000000000e+04 1.918894122838973999e+03 2.929712156076719864e+00 1.000000000000000000e+00 3.221225383173563480e+09
