# Ashape, CPU time, rate, lmin, lmax
3.000000000000000000e+00 2.720355987548828125e-04 nan 1.000000000000000000e+00 4.000000000000000000e+00
5.000000000000000000e+00 1.809597015380859375e-04 -5.881270008732154553e-01 1.000000000000000000e+00 1.365685424949237969e+01
9.000000000000000000e+00 1.919269561767578125e-04 8.488889758651295414e-02 1.000000000000000000e+00 3.078207252018058782e+01
1.700000000000000000e+01 1.769065856933593750e-04 -1.175695963811760336e-01 6.148710270966262215e-01 6.338512897290337378e+01
3.300000000000000000e+01 2.558231353759765625e-04 5.321589841357186046e-01 3.081774929793965612e-01 1.276918225070206034e+02
6.500000000000000000e+01 5.691051483154296875e-04 1.153548490325254861e+00 1.541816057378468940e-01 2.558458183942620678e+02
1.290000000000000000e+02 1.909017562866210938e-03 1.746063239781346033e+00 7.710241377177243227e-02 5.119228975862282596e+02
2.570000000000000000e+02 8.513927459716796875e-03 2.156994422610305495e+00 3.855265835815743780e-02 1.023961447341642042e+03
5.130000000000000000e+02 4.435992240905761719e-02 2.381360138803190640e+00 1.927651061651580386e-02 2.047980723489383536e+03
1.025000000000000000e+03 2.552909851074218750e-01 2.524813846709352383e+00 9.638277988454303433e-03 4.095990361722012040e+03
2.049000000000000000e+03 1.784179925918579102e+00 2.805046612427749775e+00 4.819141829069236750e-03 8.191995180858170897e+03
4.097000000000000000e+03 1.247081899642944336e+01 2.805223197902495080e+00 2.409571270063949177e-03 1.638399759042873120e+04
8.193000000000000000e+03 9.310516905784606934e+01 2.900305051820368796e+00 1.204785678591581031e-03 3.276799879521432013e+04
1.638500000000000000e+04 7.192312510013580322e+02 2.949522536761314484e+00 6.023928456276965437e-04 6.553599939760715642e+04
