# Ashape, CPU time, rate, lmin, lmax
3.000000000000000000e+00 5.569458007812500000e-04 nan 1.000000000000000000e+00 1.200000000000000000e+01
5.000000000000000000e+00 8.010864257812500000e-05 -2.797507136101257341e+00 1.000000000000000000e+00 1.267562151376358770e+02
9.000000000000000000e+00 7.915496826171875000e-05 -1.727799143183547312e-02 1.000000000000000000e+00 6.865121171873653338e+02
1.700000000000000000e+01 1.261234283447265625e-04 6.720844807671010335e-01 1.000000000000000000e+00 2.985127797117232149e+03
3.300000000000000000e+01 6.012201309204101562e-03 5.574985119685105239e+00 1.000000000000000000e+00 1.219967021408410255e+04
6.500000000000000000e+01 1.359796524047851562e-02 1.177425565409649488e+00 1.000000000000000000e+00 4.906329824024924892e+04
1.290000000000000000e+02 3.452062606811523438e-03 -1.977860252314179723e+00 1.000000000000000000e+00 1.965192047628002765e+05
2.570000000000000000e+02 1.473379135131835938e-02 2.093598182869095048e+00 1.000000000000000000e+00 7.863431813630231190e+05
5.130000000000000000e+02 9.225893020629882812e-02 2.646559846109288738e+00 1.000000000000000000e+00 3.145639175511174835e+06
1.025000000000000000e+03 8.583061695098876953e-01 3.217731899759771697e+00 1.000000000000000000e+00 1.258282317404809408e+07
2.049000000000000000e+03 5.656195878982543945e+00 2.720267809163679829e+00 1.000000000000000000e+00 5.033155917368230969e+07
4.097000000000000000e+03 3.699771285057067871e+01 2.709532100099335761e+00 1.000000000000000000e+00 2.013265031735908985e+08
8.193000000000000000e+03 2.506964550018310547e+02 2.760433602622253790e+00 1.000000000000000000e+00 8.053062791735678911e+08
1.638500000000000000e+04 1.839843446016311646e+03 2.875569510391062789e+00 1.000000000000000000e+00 3.221225383173563480e+09
