# Ashape, CPU time, rate, lmin, lmax
3.000000000000000000e+00 4.949569702148437500e-04 nan 1.000000000000000000e+00 1.200000000000000000e+01
5.000000000000000000e+00 1.740455627441406250e-04 -1.507838074590501565e+00 1.000000000000000000e+00 6.019279896290130694e+01
9.000000000000000000e+00 1.640319824218750000e-04 -8.548789906528161953e-02 1.000000000000000000e+00 2.510257816389768664e+02
1.700000000000000000e+01 2.520084381103515625e-04 6.194949066805850446e-01 1.000000000000000000e+00 1.017504651900070826e+03
3.300000000000000000e+01 5.950927734375000000e-04 1.239642557479565310e+00 1.000000000000000000e+00 4.088164892392444017e+03
6.500000000000000000e+01 1.782178878784179688e-03 1.582455645110581122e+00 1.000000000000000000e+00 1.637525185298056203e+04
1.290000000000000000e+02 6.206035614013671875e-03 1.800029827318644804e+00 1.000000000000000000e+00 6.552671889551825734e+04
2.570000000000000000e+02 2.810907363891601562e-02 2.179292028057115527e+00 1.000000000000000000e+00 2.621344317165387620e+05
5.130000000000000000e+02 1.559140682220458984e-01 2.471643294931784585e+00 1.000000000000000000e+00 1.048566282831502263e+06
1.025000000000000000e+03 9.433879852294921875e-01 2.597100117987447998e+00 1.000000000000000000e+00 4.194294207057739142e+06
2.049000000000000000e+03 5.992058992385864258e+00 2.667128695067490618e+00 1.000000000000000000e+00 1.677720616883772239e+07
4.097000000000000000e+03 4.322575783729553223e+01 2.850767525081233877e+00 1.000000000000000000e+00 6.710885414964440465e+07
8.193000000000000000e+03 3.279449551105499268e+02 2.923490519112156072e+00 1.000000000000000000e+00 2.684354461400271356e+08
