# Ashape, CPU time, rate, lmin, lmax
3.000000000000000000e+00 1.182603836059570312e-02 nan 1.000000000000000000e+00 1.200000000000000000e+01
5.000000000000000000e+00 2.839565277099609375e-04 -5.380152974311804392e+00 1.000000000000000000e+00 1.267562151376358770e+02
9.000000000000000000e+00 2.920627593994140625e-04 4.060833602581884888e-02 1.000000000000000000e+00 6.865121171873653338e+02
1.700000000000000000e+01 4.589557647705078125e-04 6.520766965796931380e-01 1.000000000000000000e+00 2.985127797117232149e+03
3.300000000000000000e+01 1.831054687500000000e-03 1.996247865138892630e+00 1.000000000000000000e+00 1.219967021408410619e+04
6.500000000000000000e+01 2.862930297851562500e-03 6.448176660121698323e-01 1.000000000000000000e+00 4.906329824024925620e+04
1.290000000000000000e+02 9.871959686279296875e-03 1.785843956741458793e+00 1.000000000000000000e+00 1.965192047628002474e+05
2.570000000000000000e+02 3.468084335327148438e-02 1.812730573663613676e+00 1.000000000000000000e+00 7.863431813630232355e+05
5.130000000000000000e+02 1.769869327545166016e-01 2.351431960704871926e+00 1.000000000000000000e+00 3.145639175511174370e+06
1.025000000000000000e+03 1.581009864807128906e+00 3.159131616777115514e+00 1.000000000000000000e+00 1.258282317404809594e+07
2.049000000000000000e+03 1.025486397743225098e+01 2.697390081128593131e+00 1.000000000000000000e+00 5.033155917368230224e+07
4.097000000000000000e+03 6.476329612731933594e+01 2.658868057709985244e+00 1.000000000000000000e+00 2.013265031735908985e+08
8.193000000000000000e+03 4.327056198120117188e+02 2.740137539471009465e+00 1.000000000000000000e+00 8.053062791735676527e+08
