# Ashape, CPU time, rate, lmin, lmax
3.000000000000000000e+00 5.929470062255859375e-04 nan 1.000000000000000000e+00 1.200000000000000000e+01
5.000000000000000000e+00 9.417533874511718750e-05 -2.654481949152441178e+00 1.000000000000000000e+00 6.019279896290130694e+01
9.000000000000000000e+00 8.893013000488281250e-05 -8.267702280922743785e-02 1.000000000000000000e+00 2.510257816389768664e+02
1.700000000000000000e+01 1.349449157714843750e-04 6.016264225766444484e-01 1.000000000000000000e+00 1.017504651900070826e+03
3.300000000000000000e+01 3.480911254882812500e-04 1.367094410935497439e+00 1.000000000000000000e+00 4.088164892392444017e+03
6.500000000000000000e+01 9.870529174804687500e-04 1.503662398619307838e+00 1.000000000000000000e+00 1.637525185298056203e+04
1.290000000000000000e+02 3.298997879028320312e-03 1.740828513325633820e+00 1.000000000000000000e+00 6.552671889551825734e+04
2.570000000000000000e+02 1.423692703247070312e-02 2.109538026109444520e+00 1.000000000000000000e+00 2.621344317165387911e+05
5.130000000000000000e+02 7.363915443420410156e-02 2.370835279358245895e+00 1.000000000000000000e+00 1.048566282831502147e+06
1.025000000000000000e+03 4.309668540954589844e-01 2.549031949022011467e+00 1.000000000000000000e+00 4.194294207057739142e+06
2.049000000000000000e+03 3.043653011322021484e+00 2.820155074980098764e+00 1.000000000000000000e+00 1.677720616883771494e+07
4.097000000000000000e+03 2.419656109809875488e+01 2.990926220789397849e+00 1.000000000000000000e+00 6.710885414964441955e+07
8.193000000000000000e+03 1.887081429958343506e+02 2.963282752206518822e+00 1.000000000000000000e+00 2.684354461400269866e+08
1.638500000000000000e+04 1.514099977016448975e+03 3.004231887054535921e+00 1.000000000000000000e+00 1.073741814135213017e+09
