# Ashape, CPU time, rate, lmin, lmax
3.000000000000000000e+00 6.411075592041015625e-04 nan 1.000000000000000000e+00 1.200000000000000178e+01
5.000000000000000000e+00 1.020431518554687500e-04 -2.651387053471726318e+00 1.000000000000000000e+00 6.019279896290130694e+01
9.000000000000000000e+00 9.489059448242187500e-05 -1.048423658574980377e-01 1.000000000000000000e+00 2.510257816389768095e+02
1.700000000000000000e+01 1.230239868164062500e-04 3.746026348796053784e-01 1.000000000000000000e+00 1.017504651900070485e+03
3.300000000000000000e+01 2.570152282714843750e-04 1.062914207329251459e+00 1.000000000000000000e+00 4.088164892392443562e+03
6.500000000000000000e+01 6.890296936035156250e-04 1.422712314635535824e+00 1.000000000000000000e+00 1.637525185298055658e+04
1.290000000000000000e+02 2.493143081665039062e-03 1.855327619529850480e+00 1.000000000000000000e+00 6.552671889551824279e+04
2.570000000000000000e+02 1.135110855102539062e-02 2.186795611525808702e+00 1.000000000000000000e+00 2.621344317165387329e+05
5.130000000000000000e+02 6.244397163391113281e-02 2.459729101978970878e+00 1.000000000000000000e+00 1.048566282831501914e+06
1.025000000000000000e+03 3.947501182556152344e-01 2.660305492964875285e+00 1.000000000000000000e+00 4.194294207057738677e+06
2.049000000000000000e+03 3.008022069931030273e+00 2.929803548755412379e+00 1.000000000000000000e+00 1.677720616883771867e+07
4.097000000000000000e+03 2.489220309257507324e+01 3.048806864910531100e+00 1.000000000000000000e+00 6.710885414964441210e+07
8.193000000000000000e+03 2.002450070381164551e+02 3.008000443264569945e+00 1.000000000000000000e+00 2.684354461400270164e+08
1.638500000000000000e+04 1.574593350887298584e+03 2.975141115554970295e+00 1.000000000000000000e+00 1.073741814135213017e+09
