# Ashape, CPU time, rate, lmin, lmax
3.000000000000000000e+00 5.030591487884521484e-01 nan 1.000000000000000000e+00 4.000000000000000000e+00
5.000000000000000000e+00 1.089572906494140625e-04 -1.217274958954240560e+01 1.000000000000000000e+00 1.365685424949237969e+01
9.000000000000000000e+00 9.608268737792968750e-05 -1.814143265301023100e-01 1.000000000000000000e+00 3.078207252018058782e+01
1.700000000000000000e+01 1.330375671386718750e-04 4.694852833012201909e-01 6.148710270966262215e-01 6.338512897290337378e+01
3.300000000000000000e+01 9.510517120361328125e-04 2.837690096257976080e+00 3.081774929793965612e-01 1.276918225070206034e+02
6.500000000000000000e+01 9.040832519531250000e-04 -7.306815918890423311e-02 1.541816057378468940e-01 2.558458183942620678e+02
1.290000000000000000e+02 2.074956893920898438e-03 1.198553832020894605e+00 7.710241377177243227e-02 5.119228975862282596e+02
2.570000000000000000e+02 8.511781692504882812e-03 2.036379783944487709e+00 3.855265835815743780e-02 1.023961447341642042e+03
5.130000000000000000e+02 4.534101486206054688e-02 2.413283628457890018e+00 1.927651061651580386e-02 2.047980723489383536e+03
1.025000000000000000e+03 2.828228473663330078e-01 2.641010082329823039e+00 9.638277988454303433e-03 4.095990361722012040e+03
2.049000000000000000e+03 2.145205974578857422e+00 2.923145600855281412e+00 4.819141829069236750e-03 8.191995180858170897e+03
4.097000000000000000e+03 1.798783206939697266e+01 3.067833238866810586e+00 2.409571270063949177e-03 1.638399759042873120e+04
8.193000000000000000e+03 1.449775259494781494e+02 3.010736049026398131e+00 1.204785678591581031e-03 3.276799879521432013e+04
1.638500000000000000e+04 1.189828571081161499e+03 3.036852547184570206e+00 6.023928456276965437e-04 6.553599939760715642e+04
