# Ashape, CPU time, rate, lmin, lmax
3.000000000000000000e+00 2.839565277099609375e-04 nan 1.000000000000000000e+00 1.200000000000000178e+01
5.000000000000000000e+00 1.411437988281250000e-04 -1.008504332235164114e+00 1.000000000000000000e+00 6.019279896290130694e+01
9.000000000000000000e+00 1.521110534667968750e-04 1.079592481359195055e-01 1.000000000000000000e+00 2.510257816389768095e+02
1.700000000000000000e+01 1.900196075439453125e-04 3.210233002256024371e-01 1.000000000000000000e+00 1.017504651900070485e+03
3.300000000000000000e+01 3.869533538818359375e-04 1.026011370557499580e+00 1.000000000000000000e+00 4.088164892392443562e+03
6.500000000000000000e+01 1.055002212524414062e-03 1.447014455309750813e+00 1.000000000000000000e+00 1.637525185298055658e+04
1.290000000000000000e+02 4.225969314575195312e-03 2.002036267156518612e+00 1.000000000000000000e+00 6.552671889551824279e+04
2.570000000000000000e+02 1.985311508178710938e-02 2.232011196496150429e+00 1.000000000000000000e+00 2.621344317165387329e+05
5.130000000000000000e+02 1.208529472351074219e-01 2.605815358070468601e+00 1.000000000000000000e+00 1.048566282831501914e+06
1.025000000000000000e+03 8.341028690338134766e-01 2.786972664243714704e+00 1.000000000000000000e+00 4.194294207057738677e+06
2.049000000000000000e+03 6.080754041671752930e+00 2.865953009806180951e+00 1.000000000000000000e+00 1.677720616883771867e+07
4.097000000000000000e+03 4.542252492904663086e+01 2.901085763482115443e+00 1.000000000000000000e+00 6.710885414964441210e+07
8.193000000000000000e+03 3.472841348648071289e+02 2.934636695609696755e+00 1.000000000000000000e+00 2.684354461400270164e+08
