# Ashape, CPU time, rate, lmin, lmax
3.000000000000000000e+00 1.630783081054687500e-04 nan 1.000000000000000000e+00 4.000000000000000000e+00
5.000000000000000000e+00 8.797645568847656250e-05 -8.903755088255017602e-01 1.000000000000000000e+00 1.365685424949237969e+01
9.000000000000000000e+00 9.703636169433593750e-05 1.414079782058508539e-01 1.000000000000000000e+00 3.078207252018058782e+01
1.700000000000000000e+01 1.320838928222656250e-04 4.448571817829413688e-01 6.148710270966262215e-01 6.338512897290337378e+01
3.300000000000000000e+01 5.638599395751953125e-04 2.093882302177569432e+00 3.081774929793965612e-01 1.276918225070206034e+02
6.500000000000000000e+01 9.000301361083984375e-04 6.746364608730461843e-01 1.541816057378468940e-01 2.558458183942620678e+02
1.290000000000000000e+02 3.517866134643554688e-03 1.966655371219565795e+00 7.710241377177243227e-02 5.119228975862282596e+02
2.570000000000000000e+02 1.586699485778808594e-02 2.173256423567123896e+00 3.855265835815743780e-02 1.023961447341642042e+03
5.130000000000000000e+02 8.262491226196289062e-02 2.380547920985758736e+00 1.927651061651580386e-02 2.047980723489383536e+03
1.025000000000000000e+03 5.601530075073242188e-01 2.761172217805187401e+00 9.638277988454303433e-03 4.095990361722012040e+03
2.049000000000000000e+03 3.951051950454711914e+00 2.818343953056177575e+00 4.819141829069236750e-03 8.191995180858170897e+03
4.097000000000000000e+03 2.836054301261901855e+01 2.843576434936842201e+00 2.409571270063949177e-03 1.638399759042873120e+04
8.193000000000000000e+03 2.168812580108642578e+02 2.934948325710359907e+00 1.204785678591581031e-03 3.276799879521432013e+04
