# size, EVP, ASSEMBLE, ACTION. Julia has also GEVP and c, C
5.000000000000000000e+00 5.421215700000000526e-01 8.013700000000000879e-05 1.825400000000000175e-05
9.000000000000000000e+00 1.389240000000000136e-04 3.209400000000000138e-05 1.211100000000000144e-05
1.700000000000000000e+01 1.602000000000000179e-04 3.150700000000000175e-05 1.205000000000000152e-05
3.300000000000000000e+01 2.197760000000000046e-04 4.138500000000000441e-05 1.353500000000000001e-05
6.500000000000000000e+01 4.260640000000000325e-04 8.627200000000000341e-05 1.775699999999999956e-05
1.290000000000000000e+02 1.226639999999999979e-03 3.564160000000000245e-04 3.144500000000000132e-05
2.570000000000000000e+02 4.046436000000000477e-03 1.981415000000000259e-03 8.264400000000000359e-05
5.130000000000000000e+02 1.548709200000000091e-02 1.482185800000000026e-02 2.980030000000000266e-04
1.025000000000000000e+03 6.717912600000000567e-02 1.119073210000000040e-01 1.593834000000000136e-03
2.049000000000000000e+03 3.356890120000000088e-01 8.448790870000000286e-01 6.462098000000000321e-03
2.897000000000000000e+03 6.865436900000000398e-01 2.244592622999999953e+00 1.342439800000000058e-02
3.327000000000000000e+03 9.995975830000000117e-01 3.413718965000000161e+00 1.724769100000000249e-02
