# size(A) time to construct P=AMG(A) and its action
2.500000000000000000e+01 3.519230000000000253e-04 1.139940000000000067e-04
8.100000000000000000e+01 3.935410000000000188e-04 1.474640000000000098e-04
2.890000000000000000e+02 6.328500000000000141e-04 1.924060000000000006e-04
1.089000000000000000e+03 1.277184000000000002e-03 2.558070000000000396e-04
4.225000000000000000e+03 4.426761000000000411e-03 7.661000000000000275e-04
1.664100000000000000e+04 1.546958900000000060e-02 2.770007000000000112e-03
6.604900000000000000e+04 6.050125800000000220e-02 1.088072800000000097e-02
2.631690000000000000e+05 2.431144110000000025e-01 4.771013400000000126e-02
1.050625000000000000e+06 9.733426390000000650e-01 1.924792550000000158e-01
4.198401000000000000e+06 3.902239318000000345e+00 7.408860850000000831e-01
8.392609000000000000e+06 7.994811228000000547e+00 1.466988742000000068e+00
1.106892900000000000e+07 1.143879247200000115e+01 2.129135414999999920e+00
